# 25/25 iterations complete ✅ (2721.29s)
# Results saved to /workspace/객체탐지/runs/detect/tune
# Best fitness=0.74134 observed at iteration 23
# Best fitness metrics are {'metrics/precision(B)': 0.85321, 'metrics/recall(B)': 0.96373, 'metrics/mAP50(B)': 0.9816, 'metrics/mAP50-95(B)': 0.74134, 'val/box_loss': 0.84302, 'val/cls_loss': 1.28397, 'val/dfl_loss': 0.93905, 'fitness': 0.74134}
# Best fitness model is /workspace/객체탐지/runs/detect/train2
freeze: 10
lr0: 0.00576
lrf: 0.01003
momentum: 0.95434
weight_decay: 0.00053
warmup_epochs: 2.75662
warmup_momentum: 0.75707
box: 6.36071
cls: 1.01485
dfl: 1.49172
hsv_h: 0.01929
hsv_s: 0.55297
hsv_v: 0.55124
degrees: 0.00066
translate: 0.11282
scale: 0.52907
shear: 0.01342
perspective: 0.0
flipud: 0.00283
fliplr: 0.47183
bgr: 0.00673
mosaic: 0.83851
mixup: 0.00242
cutmix: 0.00408
copy_paste: 0.00109
close_mosaic: 6

